    left daughter right daughter split var split point status  prediction
1               2              3     SKILL  0.36624681     -3  0.05884075
2               4              5   FAMSIZE  1.68207612     -3 -1.78038117
3               6              7   HOMEVAL -0.50150616     -3  2.22423011
4               8              9      EDUC  0.16839723     -3 -2.84282357
5              10             11       AGE  0.73778379     -3  2.33929346
6              12             13  HOMESIZE -1.71670947     -3 -0.57144088
7              14             15  HOMESIZE  0.98821810     -3  3.86231857
8              16             17   FAMSIZE -0.75779807     -3 -1.69383414
9              18             19   FAMSIZE -1.23440596     -3 -4.68435458
10             20             21     SKILL -0.05216423     -3  4.01289236
11             22             23  HOMESIZE -0.68416245     -3  0.44739906
12             24             25   FAMSIZE -0.53036577     -3 -2.98962137
13             26             27       AGE -0.72655058     -3  0.19219507
14             28             29   FAMSIZE  0.96548573     -3  1.97094662
15             30             31   HOMEVAL  0.35849037     -3  7.23389467
16             32             33  HOMESIZE  1.55082154     -3  0.55030945
17             34             35       AGE  0.99439636     -3 -2.46767676
18             36             37       AGE -0.51252100     -3 -5.62992018
19             38             39     SKILL -2.90766975     -3 -3.24970332
20             40             41   FAMSIZE  1.94541172     -3  4.72836446
21              0              0      <NA>  0.00000000     -1  0.07779579
22             42             43  HOMESIZE -0.77733064     -3 -0.64237409
23             44             45  HOMESIZE -0.47383440     -3  1.28568609
24             46             47     SKILL  2.03874870     -3 -2.10873550
25             48             49     SKILL  1.00772913     -3 -4.09072871
26             50             51   HOMEVAL -1.12997852     -3  1.95320393
27             52             53  HOMESIZE  1.55899764     -3 -0.32810300
28             54             55  HOMESIZE -0.24405746     -3  1.63069003
29             56             57   FAMSIZE  1.57226147     -3  2.74673164
30             58             59     SKILL  2.99730081     -3  5.80923976
31             60             61      EDUC  0.90259938     -3  7.62963215
32             62             63      EDUC -0.87430446     -3  1.41507457
33             64             65   HOMEVAL  2.11905036     -3 -0.20636003
34             66             67       AGE -0.99907980     -3 -2.15970022
35             68             69   FAMSIZE -0.03680525     -3 -4.22077398
36             70             71       AGE -0.64282064     -3 -5.85491245
37              0              0      <NA>  0.00000000     -1 -0.90508239
38              0              0      <NA>  0.00000000     -1 -0.93277219
39             72             73      EDUC  0.31379947     -3 -3.51704152
40             74             75  HOMESIZE  0.96020045     -3  6.17975909
41             76             77       AGE  0.68888700     -3  3.72355280
42             78             79   FAMSIZE  1.82673538     -3 -0.38573024
43              0              0      <NA>  0.00000000     -1 -1.24120974
44             80             81     SKILL -2.84491896     -3  0.70090845
45             82             83  HOMESIZE -0.33652550     -3  1.78692407
46             84             85  HOMESIZE -1.89795105     -3 -1.92234300
47              0              0      <NA>  0.00000000     -1 -3.78626805
48             86             87   FAMSIZE -0.29571156     -3 -3.89789566
49              0              0      <NA>  0.00000000     -1 -4.66922786
50             88             89   FAMSIZE  1.96510375     -3  1.71797139
51              0              0      <NA>  0.00000000     -1  2.32957599
52             90             91  HOMESIZE  1.03709377     -3 -0.79965018
53             92             93  HOMESIZE  1.80259661     -3  1.27515740
54             94             95     SKILL  2.20155853     -3  1.29724515
55             96             97     SKILL  0.56300575     -3  2.12360854
56             98             99   FAMSIZE  1.10380771     -3  2.55060130
57            100            101   HOMEVAL  0.41413767     -3  3.09540781
58            102            103     SKILL  2.98000165     -3  5.61922142
59              0              0      <NA>  0.00000000     -1  7.51940480
60            104            105   FAMSIZE  1.62674967     -3  6.20226347
61            106            107     SKILL  0.91703790     -3  7.97416941
62            108            109     SKILL -0.72931772     -3  1.08639403
63              0              0      <NA>  0.00000000     -1  2.23677593
64            110            111   FAMSIZE -0.89342139     -3 -0.80574267
65            112            113   HOMEVAL  2.32843639     -3  0.15326955
66              0              0      <NA>  0.00000000     -1 -0.57625121
67            114            115   FAMSIZE  1.00551467     -3 -2.25018302
68            116            117  HOMESIZE -1.99619025     -3 -4.75661638
69            118            119  HOMESIZE -1.97459283     -3 -3.76148050
70            120            121       AGE -0.89639293     -3 -6.19270475
71            122            123     SKILL -1.21768749     -3 -4.61634069
72            124            125   FAMSIZE  1.14828688     -3 -3.66225799
73              0              0      <NA>  0.00000000     -1 -2.71835095
74            126            127      EDUC  0.81668156     -3  5.96306560
75              0              0      <NA>  0.00000000     -1  7.91330701
76            128            129  HOMESIZE  0.33986630     -3  4.28465848
77            130            131   HOMEVAL  2.15442452     -3  3.24260507
78              0              0      <NA>  0.00000000     -1 -0.18815268
79              0              0      <NA>  0.00000000     -1 -0.64916698
80              0              0      <NA>  0.00000000     -1  1.82594953
81              0              0      <NA>  0.00000000     -1  0.47590023
82              0              0      <NA>  0.00000000     -1  1.98107695
83              0              0      <NA>  0.00000000     -1  1.52805357
84              0              0      <NA>  0.00000000     -1 -2.25819659
85              0              0      <NA>  0.00000000     -1 -1.65366012
86              0              0      <NA>  0.00000000     -1 -3.41236625
87              0              0      <NA>  0.00000000     -1 -4.38342507
88              0              0      <NA>  0.00000000     -1  0.84831981
89              0              0      <NA>  0.00000000     -1  2.23976235
90            132            133   FAMSIZE -1.57697166     -3 -0.54274773
91            134            135   FAMSIZE -1.54925461     -3 -1.99852827
92            136            137   FAMSIZE -1.08991448     -3  0.87193069
93              0              0      <NA>  0.00000000     -1  2.88806427
94            138            139       AGE -0.98796650     -3  1.76331152
95            140            141       AGE  0.77491293     -3  0.63143605
96              0              0      <NA>  0.00000000     -1 -0.84273986
97            142            143      EDUC -0.75396328     -3  2.25844256
98              0              0      <NA>  0.00000000     -1  3.37697375
99            144            145     SKILL  2.89989802     -3  2.43254809
100           146            147  HOMESIZE -1.02097408     -3  2.92743598
101             0              0      <NA>  0.00000000     -1  4.43918242
102             0              0      <NA>  0.00000000     -1  5.98630168
103             0              0      <NA>  0.00000000     -1  5.16037109
104           148            149  HOMESIZE  1.21139799     -3  5.92757071
105             0              0      <NA>  0.00000000     -1  7.85042003
106             0              0      <NA>  0.00000000     -1  9.72031593
107           150            151  HOMESIZE  1.72552786     -3  7.84482523
108           152            153   FAMSIZE -1.40995194     -3  1.24809102
109             0              0      <NA>  0.00000000     -1  0.70910106
110             0              0      <NA>  0.00000000     -1 -1.13446728
111             0              0      <NA>  0.00000000     -1  0.83788040
112             0              0      <NA>  0.00000000     -1  0.85259636
113           154            155  HOMESIZE  1.58822470     -3 -0.14644194
114           156            157   HOMEVAL  0.37319527     -3 -1.89001668
115           158            159  HOMESIZE  1.35383629     -3 -2.79043252
116             0              0      <NA>  0.00000000     -1 -4.54202805
117             0              0      <NA>  0.00000000     -1 -5.18579303
118             0              0      <NA>  0.00000000     -1 -3.29021451
119             0              0      <NA>  0.00000000     -1 -4.93964548
120           160            161      EDUC  0.39639739     -3 -5.22894685
121           162            163   FAMSIZE -1.68847753     -3 -6.45217803
122             0              0      <NA>  0.00000000     -1 -5.13511592
123           164            165      EDUC  0.82912283     -3 -4.46811920
124           166            167      EDUC  0.17489006     -3 -3.56084182
125             0              0      <NA>  0.00000000     -1 -4.67641975
126             0              0      <NA>  0.00000000     -1  5.31676505
127           168            169      EDUC  0.82813815     -3  6.17849911
128             0              0      <NA>  0.00000000     -1  4.52595772
129             0              0      <NA>  0.00000000     -1  3.80205999
130             0              0      <NA>  0.00000000     -1  4.25119941
131             0              0      <NA>  0.00000000     -1  1.89781262
132             0              0      <NA>  0.00000000     -1 -2.45347352
133           170            171     SKILL  1.57865472     -3 -0.47198011
134             0              0      <NA>  0.00000000     -1 -3.06514326
135             0              0      <NA>  0.00000000     -1 -1.78520527
136             0              0      <NA>  0.00000000     -1  0.44895266
137             0              0      <NA>  0.00000000     -1  1.29490871
138           172            173      EDUC -0.06234540     -3  1.54970266
139           174            175       AGE -0.98248172     -3  2.08372482
140             0              0      <NA>  0.00000000     -1  0.08646301
141           176            177       AGE  0.78427671     -3  0.72226489
142           178            179   FAMSIZE -1.91198391     -3  2.55402228
143           180            181      EDUC -0.68469995     -3  1.83149407
144           182            183       AGE -0.94687336     -3  2.48377949
145             0              0      <NA>  0.00000000     -1  1.76654001
146             0              0      <NA>  0.00000000     -1  2.36125968
147           184            185   FAMSIZE  1.75888105     -3  3.11616142
148             0              0      <NA>  0.00000000     -1  5.93378327
149             0              0      <NA>  0.00000000     -1  5.91514558
150           186            187       AGE  0.38476490     -3  8.06137964
151           188            189  HOMESIZE  1.81705460     -3  7.64373899
152             0              0      <NA>  0.00000000     -1  1.50522328
153             0              0      <NA>  0.00000000     -1  0.90524800
154             0              0      <NA>  0.00000000     -1  0.40589564
155             0              0      <NA>  0.00000000     -1 -0.36737697
156           190            191      EDUC  0.11553627     -3 -2.14574350
157           192            193  HOMESIZE -1.90107485     -3 -1.51394783
158           194            195      EDUC -0.88071315     -3 -1.98329571
159           196            197       AGE -0.29876991     -3 -3.05947813
160           198            199      EDUC  0.38259729     -3 -5.15054451
161             0              0      <NA>  0.00000000     -1 -5.69936093
162           200            201   HOMEVAL  0.05386266     -3 -6.29167186
163             0              0      <NA>  0.00000000     -1 -7.68272535
164             0              0      <NA>  0.00000000     -1 -4.55112827
165             0              0      <NA>  0.00000000     -1 -4.35744044
166             0              0      <NA>  0.00000000     -1 -4.39943110
167           202            203   HOMEVAL  2.26851524     -3 -3.46766523
168             0              0      <NA>  0.00000000     -1  6.75095002
169             0              0      <NA>  0.00000000     -1  5.89227366
170           204            205       AGE -0.57144701     -3 -0.89822551
171           206            207      EDUC -0.70843339     -3 -0.32279422
172           208            209       AGE -0.99655812     -3  1.26198338
173             0              0      <NA>  0.00000000     -1  1.95250964
174             0              0      <NA>  0.00000000     -1  3.50351647
175           210            211       AGE -0.97954019     -3  1.61046094
176             0              0      <NA>  0.00000000     -1  1.88216987
177           212            213   HOMEVAL  0.54189482     -3  0.61681898
178             0              0      <NA>  0.00000000     -1  3.15619852
179           214            215  HOMESIZE  0.62456469     -3  2.28638840
180           216            217   FAMSIZE -1.99989429     -3  1.35220722
181             0              0      <NA>  0.00000000     -1  2.79006776
182           218            219   HOMEVAL  1.73956159     -3  2.27448834
183           220            221      EDUC -0.33102027     -3  2.66317190
184             0              0      <NA>  0.00000000     -1  3.38063144
185             0              0      <NA>  0.00000000     -1  2.98392640
186           222            223       AGE  0.27154354     -3  8.16357168
187             0              0      <NA>  0.00000000     -1  6.83507516
188             0              0      <NA>  0.00000000     -1  6.34049777
189           224            225       AGE  0.08489662     -3  7.74398832
190           226            227       AGE -0.22155080     -3 -2.08820404
191             0              0      <NA>  0.00000000     -1 -3.52669040
192           228            229   HOMEVAL  2.90016290     -3 -2.13330290
193           230            231     SKILL -2.92579688     -3 -1.08039927
194           232            233  HOMESIZE  1.15202245     -3 -2.16831523
195             0              0      <NA>  0.00000000     -1 -0.87317859
196           234            235   FAMSIZE  1.26809120     -3 -2.91335437
197           236            237  HOMESIZE  1.69754604     -3 -3.35172565
198             0              0      <NA>  0.00000000     -1 -5.31206816
199             0              0      <NA>  0.00000000     -1 -4.34292623
200           238            239   HOMEVAL -1.41662824     -3 -6.38905473
201             0              0      <NA>  0.00000000     -1 -5.26915179
202           240            241  HOMESIZE -1.69922693     -3 -3.59999216
203             0              0      <NA>  0.00000000     -1 -2.80603061
204             0              0      <NA>  0.00000000     -1 -1.24387369
205             0              0      <NA>  0.00000000     -1 -0.03410505
206           242            243      EDUC -0.72589601     -3  0.25397944
207           244            245       AGE  0.95987324     -3 -0.56998294
208             0              0      <NA>  0.00000000     -1  0.88419794
209             0              0      <NA>  0.00000000     -1  1.41309756
210             0              0      <NA>  0.00000000     -1  1.11012481
211             0              0      <NA>  0.00000000     -1  1.86062901
212           246            247   HOMEVAL -0.03953698     -3  0.80675048
213             0              0      <NA>  0.00000000     -1  0.28443886
214             0              0      <NA>  0.00000000     -1  1.65540153
215           248            249     SKILL  0.73916821     -3  2.36526176
216             0              0      <NA>  0.00000000     -1  3.33143311
217             0              0      <NA>  0.00000000     -1  0.95636205
218             0              0      <NA>  0.00000000     -1  1.80125619
219             0              0      <NA>  0.00000000     -1  2.74772048
220           250            251   HOMEVAL  1.23099601     -3  2.54470957
221             0              0      <NA>  0.00000000     -1  3.37394586
222             0              0      <NA>  0.00000000     -1  8.83076564
223           252            253   HOMEVAL  2.70649827     -3  8.10291768
224             0              0      <NA>  0.00000000     -1  7.39171312
225           254            255       AGE  0.14447617     -3  7.84967087
226           256            257     SKILL -2.20381995     -3 -1.40729452
227           258            259     SKILL -2.99453908     -3 -2.31517389
228             0              0      <NA>  0.00000000     -1 -2.43223834
229             0              0      <NA>  0.00000000     -1 -1.90910133
230             0              0      <NA>  0.00000000     -1 -0.22650124
231           260            261   FAMSIZE -0.44232000     -3 -1.29387378
232             0              0      <NA>  0.00000000     -1 -3.35197570
233             0              0      <NA>  0.00000000     -1 -1.93158314
234           262            263  HOMESIZE  1.57151286     -3 -2.37427509
235           264            265   HOMEVAL -2.75538751     -3 -3.31766383
236             0              0      <NA>  0.00000000     -1 -3.40562969
237             0              0      <NA>  0.00000000     -1 -3.27985359
238           266            267       AGE -0.69482262     -3 -5.97792239
239           268            269  HOMESIZE -0.71493563     -3 -6.76281139
240           270            271   HOMEVAL  2.11591080     -3 -3.76398259
241           272            273   FAMSIZE -1.10471373     -3 -3.45650052
242             0              0      <NA>  0.00000000     -1 -0.26592320
243             0              0      <NA>  0.00000000     -1  1.29378472
244           274            275   HOMEVAL -1.79600432     -3 -0.67644251
245             0              0      <NA>  0.00000000     -1  0.06877449
246             0              0      <NA>  0.00000000     -1  0.56839846
247             0              0      <NA>  0.00000000     -1  0.98551449
248             0              0      <NA>  0.00000000     -1  2.19484053
249             0              0      <NA>  0.00000000     -1  2.53568298
250             0              0      <NA>  0.00000000     -1  2.70470061
251             0              0      <NA>  0.00000000     -1  2.38471853
252           276            277   FAMSIZE  1.07921013     -3  8.04209661
253             0              0      <NA>  0.00000000     -1  8.71112833
254           278            279       AGE  0.11970622     -3  7.78652820
255             0              0      <NA>  0.00000000     -1  7.99700379
256             0              0      <NA>  0.00000000     -1 -1.39999000
257             0              0      <NA>  0.00000000     -1 -1.41459903
258             0              0      <NA>  0.00000000     -1 -3.17255846
259           280            281      EDUC -0.99954877     -3 -2.26473950
260           282            283      EDUC -0.98916323     -3 -1.20414778
261             0              0      <NA>  0.00000000     -1 -1.92195578
262             0              0      <NA>  0.00000000     -1 -2.49894896
263             0              0      <NA>  0.00000000     -1 -2.34934031
264             0              0      <NA>  0.00000000     -1 -2.93320992
265           284            285     SKILL -1.34620210     -3 -3.44581513
266             0              0      <NA>  0.00000000     -1 -5.48901544
267           286            287       AGE -0.68023331     -3 -6.30386036
268             0              0      <NA>  0.00000000     -1 -7.00574836
269           288            289   FAMSIZE -1.89971581     -3 -6.56036392
270             0              0      <NA>  0.00000000     -1 -3.59963821
271             0              0      <NA>  0.00000000     -1 -4.17484355
272             0              0      <NA>  0.00000000     -1 -3.39842193
273             0              0      <NA>  0.00000000     -1 -3.51457912
274             0              0      <NA>  0.00000000     -1 -1.38707172
275           290            291   FAMSIZE -1.41839186     -3 -0.43956610
276             0              0      <NA>  0.00000000     -1  8.32600128
277           292            293  HOMESIZE  1.50331075     -3  7.97112045
278             0              0      <NA>  0.00000000     -1  7.96731684
279             0              0      <NA>  0.00000000     -1  7.65093671
280             0              0      <NA>  0.00000000     -1 -1.09275263
281           294            295   FAMSIZE  0.09302951     -3 -2.33798868
282             0              0      <NA>  0.00000000     -1 -0.91264715
283             0              0      <NA>  0.00000000     -1 -1.42277325
284             0              0      <NA>  0.00000000     -1 -3.34544326
285             0              0      <NA>  0.00000000     -1 -3.64655886
286             0              0      <NA>  0.00000000     -1 -6.07901684
287             0              0      <NA>  0.00000000     -1 -6.52870387
288             0              0      <NA>  0.00000000     -1 -6.79485230
289             0              0      <NA>  0.00000000     -1 -5.38792203
290             0              0      <NA>  0.00000000     -1 -0.18444127
291             0              0      <NA>  0.00000000     -1 -0.64366597
292             0              0      <NA>  0.00000000     -1  7.77820959
293           296            297   HOMEVAL  2.37528076     -3  8.03542407
294             0              0      <NA>  0.00000000     -1 -2.02150597
295           298            299      EDUC -0.98439933     -3 -2.41102315
296             0              0      <NA>  0.00000000     -1  7.74920417
297             0              0      <NA>  0.00000000     -1  8.09266804
298           300            301  HOMESIZE  1.94379158     -3 -2.51349529
299             0              0      <NA>  0.00000000     -1 -2.24706773
300             0              0      <NA>  0.00000000     -1 -2.82766032
301             0              0      <NA>  0.00000000     -1 -2.32499627
