   left daughter right daughter split var split point status prediction
1              2              3  TRAINEST   0.3175219     -3 -0.1598674
2              4              5  TRAINEST  -3.0476353     -3 -2.8711027
3              6              7      EDUC   0.7213733     -3  3.5372716
4              8              9     SKILL  -2.6605555     -3 -4.7190200
5             10             11  TRAINEST  -1.2424512     -3 -1.6591570
6              0              0      <NA>   0.0000000     -1  1.8802619
7              0              0      <NA>   0.0000000     -1  6.3068449
8              0              0      <NA>   0.0000000     -1 -6.1849511
9              0              0      <NA>   0.0000000     -1 -4.2108306
10             0              0      <NA>   0.0000000     -1 -2.3574925
11             0              0      <NA>   0.0000000     -1 -0.6771226
